  401        1        1                 PROGRAM
 1001        1        9                   A12RH
    1        1       14                       ;
  402        2        1                   BEGIN
  501        3        5                       7
    0        3        6                       :
 1002        3        7                       A
  301        3        8                      :=
  502        3       10                      56
    1        3       12                       ;
  501        4        5                       7
    0        4        6                       :
 1003        4        7                       B
  301        4        8                      :=
  503        4       10                      90
    1        4       12                       ;
  408        6        1                     END
    5        6        4                       .
